18 0 19
19 0 4
-1 -1 -1
0 0 5
24 0 0
24 0 0
52 0 0
20 0 0
24 0 0
24 0 2
52 0 0
38 0 0
0 0 5
24 0 0
24 0 1
52 0 0
20 0 0
24 0 0
24 0 3
52 0 0
38 0 0
0 0 5
24 0 0
24 0 2
52 0 0
20 0 0
24 0 0
24 0 5
52 0 0
38 0 0
0 0 5
24 0 0
24 0 3
52 0 0
20 0 0
24 0 0
24 0 7
52 0 0
38 0 0
0 0 5
24 0 0
24 0 4
52 0 0
20 0 0
24 0 0
24 0 11
52 0 0
38 0 0
0 0 5
24 0 0
24 0 5
52 0 0
20 0 0
24 0 0
24 0 13
52 0 0
38 0 0
0 0 5
24 0 0
24 0 6
52 0 0
20 0 0
24 0 0
24 0 17
52 0 0
38 0 0
0 0 5
24 0 0
24 0 7
52 0 0
20 0 0
24 0 0
24 0 19
52 0 0
38 0 0
0 0 5
24 0 0
24 0 8
52 0 0
20 0 0
24 0 0
24 0 23
52 0 0
38 0 0
0 0 5
24 0 0
24 0 9
52 0 0
20 0 0
24 0 0
24 0 29
52 0 0
38 0 0
0 0 5
24 0 0
24 0 10
52 0 0
20 0 0
24 0 0
24 0 31
52 0 0
38 0 0
0 0 5
24 0 0
24 0 13
52 0 0
20 0 0
24 0 0
24 0 1
52 0 0
38 0 0
33 0 0
24 0 0
1 1 5
52 0 0
24 0 0
1 1 6
52 0 0
50 0 0
11 0 128
0 1 5
24 0 0
1 1 5
52 0 0
1 1 6
53 0 0
38 0 0
10 0 112
0 1 0
24 0 0
1 1 5
52 0 0
38 0 0
33 0 0
33 0 0
0 1 7
24 0 0
24 0 1
52 0 0
38 0 0
0 1 6
24 0 0
24 0 0
52 0 0
38 0 0
24 0 0
1 1 6
52 0 0
24 0 0
24 0 11
52 0 0
47 0 0
11 0 225
0 1 8
24 0 0
24 0 0
52 0 0
38 0 0
24 0 0
18 0 3
24 0 0
1 1 5
52 0 0
24 0 0
0 0 5
24 0 0
1 1 6
52 0 0
20 0 0
34 0 0
52 0 0
19 0 6
52 0 0
24 0 0
24 0 0
52 0 0
45 0 0
11 0 198
0 1 5
24 0 0
1 1 5
0 0 5
24 0 0
1 1 6
52 0 0
20 0 0
34 0 0
58 0 0
52 0 0
38 0 0
0 1 8
24 0 0
1 1 8
52 0 0
24 0 1
52 0 0
38 0 0
10 0 158
24 0 0
1 1 8
52 0 0
24 0 0
24 0 0
52 0 0
49 0 0
11 0 217
0 1 7
24 0 0
1 1 7
24 0 0
1 1 8
52 0 0
24 0 1
52 0 0
57 0 0
52 0 0
38 0 0
0 1 6
24 0 0
1 1 6
52 0 0
24 0 1
52 0 0
38 0 0
10 0 145
24 0 0
1 1 7
52 0 0
24 0 0
24 0 1
52 0 0
45 0 0
11 0 239
0 1 0
24 0 0
24 0 0
52 0 0
38 0 0
33 0 0
0 1 0
24 0 0
1 1 7
52 0 0
38 0 0
33 0 0
33 0 0
0 1 9
24 0 0
24 0 0
52 0 0
38 0 0
0 1 10
24 0 0
24 0 0
52 0 0
38 0 0
0 1 7
24 0 0
24 0 0
52 0 0
38 0 0
0 1 8
24 0 0
24 0 1
52 0 0
38 0 0
24 0 0
1 1 8
1 1 8
57 0 0
52 0 0
24 0 0
1 1 5
52 0 0
48 0 0
11 0 296
0 1 8
24 0 0
1 1 8
0 0 5
24 0 0
1 1 7
52 0 0
20 0 0
34 0 0
57 0 0
52 0 0
38 0 0
0 1 7
24 0 0
1 1 7
52 0 0
24 0 1
52 0 0
38 0 0
10 0 266
0 1 6
24 0 0
1 1 8
52 0 0
38 0 0
24 0 0
1 1 8
52 0 0
24 0 0
1 1 5
52 0 0
48 0 0
11 0 344
0 1 11
24 0 0
18 0 6
24 0 0
1 1 8
52 0 0
19 0 5
52 0 0
38 0 0
24 0 0
1 1 11
52 0 0
24 0 0
1 1 9
52 0 0
49 0 0
11 0 336
0 1 9
24 0 0
1 1 11
52 0 0
38 0 0
0 1 10
24 0 0
1 1 8
52 0 0
38 0 0
0 1 8
24 0 0
1 1 8
52 0 0
1 1 6
52 0 0
38 0 0
10 0 301
0 1 0
24 0 0
1 1 10
52 0 0
38 0 0
33 0 0
33 0 0
0 1 5
27 0 1
18 0 2
19 0 4
24 0 1
28 0 0
24 0 0
18 0 11
24 0 0
1 1 5
52 0 0
19 0 5
52 0 0
29 0 1
33 0 0
